143.98
132.784
143.347
140.107
141.594
141.981
140.542
147.093
136.84
145.643
138.673
144.178
145.564
126.422
134.587
131.317
134.897
131.485
138.228
140.848
137.321
144.944
143.259
143.223
147.948
135.809
148.684
140.575
142.278
140.947
147.751
143.975
139.362
146.288
144.576
147.712
142.043
138.584
149.509
136.469
135.625
140.924
144.142
144.251
139.537
149.518
149.389
152.325
154.877
144.143
145.615
141.117
143.085
147.448
142.779
148.424
143.004
148.593
143.642
150.502
148.377
141.016
147.573
139.698
144.682
144.12
146.531
151.154
143.692
146.179
147.054
153.12
154.161
146.637
153.127
143.3
147.94
148.597
148.986
151.744
144.498
158.615
153.77
155.111
156.892
141.67
151.391
149.2
149.535
150.03
154.053
153.726
148.268
156.489
152.804
160.196
152.795
141.891
151.66
145.844
151.402
151.118
152.719
157.492
147.664
149.889
146.979
157.234
150.853
138.905
151.138
146.358
145.76
147.404
150.248
154.384
148.005
151.564
147.299
152.918
152.334
145.229
150.387
140.57
154.242
149.967
146.485
156.334
146.604
148.874
146.422
152.032
150.205
139.947
150.638
142.141
146.035
138.675
141.315
145.913
135.287
144.816
139.911
141.456
144.11
131.193
142.832
139.47
141.194
138.845
145.697
144.667
137.731
141.488
142.466
140.684
145.337
139.005
142.752
139.469
137.311
136.748
142.616
144.442
136.289
144.958
142.281
148.594
146.751
141.652
146.238
141.188
149.937
142.478
145.227
146.281
139.938
144.988
146.839
149.356
145.585
135.416
147.193
136.236
142.394
141.486
138.803
141.96
133.334
136.737
139.881
146.03
139.905
131.752
141.559
130.848
137.526
138.468
137.335
144.254
137.758
144.318
139.848
143.229
143.313
135.842
139.772
135.954
140.861
136.31
136.787
143.442
135.034
139.127
137.625
142.697
145.027
136.206
139.182
134.938
137.376
132.782
135.123
133.299
123.672
138.29
130.844
126.651
128.112
114.241
116.68
109.53
111.874
112.528
113.282
118.073
115.579
119.225
117.883
125.553
122.816
118.406
127.742
121.149
125.157
125.085
126.472
133.005
126.197
121.743
125.137
133.423
131.341
115.559
129.083
119.89
123.488
123.034
125.956
131.555
122.295
125.153
126.089
123.408
126.754
121.286
120.535
115.452
122.225
121.316
125.882
127.654
118.054
126.287
127.145
127.468
129.302
117.085
123.017
116.822
124.933
122.199
127.363
126.723
124.893
127.292
129.564
131.385
135.458
120.762
123.839
121.02
123.862
122.624
129.153
129.631
125.034
127.495
126.629
126.215
129.366
120.022
122.348
115.854
122.177
125.589
129.291
126.651
118.433
115.501
112.319
115.752
124.407
117.78
114.778
108.893
111.007
116.959
121.436
128.102
117.043
118.552
116.565
125.581
123.768
107.549
118.715
112.002
117.897
117.291
125.082
122.787
116.929
117.308
122.379
126.679
129.030
110.804
122.329
112.973
120.316
119.341
124.729
130.012
120.568
125.881
123.497
121.786
128.350
109.755
120.311
109.750
117.846
115.268
121.840
123.150
117.255
120.573
122.252
122.527